                  Docs
Terms              1 2 3 4 5 6 7 8 9 10 11 12 13 14 15 16 17 18 19
  absolute         0 0 0 0 0 0 0 0 0  0  0  0  0  0  0  0  1  0  0
  accordingly      0 0 0 0 0 0 0 0 0  0  0  0  0  0  0  0  1  0  0
  account          0 0 0 0 0 0 0 0 0  0  0  0  0  0  1  0  0  0  0
  acct             0 0 1 0 0 0 0 0 0  0  0  0  0  0  1  0  0  0  0
  acquainted       0 0 0 0 0 0 1 0 1  0  0  0  0  0  0  0  0  0  0
  acquiesce        0 0 0 0 0 0 0 0 0  0  0  0  1  0  0  0  0  0  1
  act              0 0 0 0 0 0 0 0 0  0  0  0  0  0  0  0  0  0  1
  added            0 0 0 0 0 0 0 0 0  0  0  0  1  0  1  0  0  0  0
  adoption         0 0 0 0 0 0 0 0 0  0  0  0  0  0  0  0  1  0  0
  affraid          0 0 0 0 0 0 0 0 0  0  0  0  1  0  0  0  0  0  0
  afternoonwhich   0 0 0 0 0 0 0 0 0  0  0  0  0  0  0  0  1  0  0
  aid              0 0 0 0 0 0 0 0 0  0  0  0  0  0  0  0  0  0  1
  aimed            0 0 0 0 0 0 0 0 1  0  0  0  0  0  0  0  0  0  0
  alarmed          0 0 0 0 0 0 0 0 0  0  0  0  0  0  1  0  0  0  0
  alligany         1 0 0 0 0 0 0 0 0  0  0  0  0  0  0  0  0  0  0
  alluded          0 0 0 0 0 0 0 0 0  0  0  0  0  0  0  0  1  0  0
  already          0 0 0 0 0 0 0 0 0  0  0  0  0  0  0  0  1  0  0
  also             0 0 0 0 0 0 0 0 0  0  0  0  1  0  1  0  0  0  0
  altogether       0 0 0 0 0 0 0 0 1  0  0  0  0  0  0  0  0  0  0
  always           0 0 0 0 0 0 0 0 0  0  0  0  0  0  0  0  0  0  1
  ammunition       0 0 0 0 0 0 0 0 0  0  0  0  0  0  1  0  0  0  0
  amnesty          0 0 0 0 0 0 0 0 0  0  0  0  0  0  1  0  0  0  1
  among            0 0 0 0 0 0 0 0 1  0  0  0  0  0  0  0  0  0  0
  amongst          0 0 0 0 0 0 0 0 0  0  0  0  0  0  0  0  1  0  0
  another          0 0 0 0 0 0 0 0 0  0  0  0  1  0  0  0  2  0  0
  answered         0 0 0 0 0 0 0 0 0  0  0  0  0  0  0  0  1  0  0
  answering        0 0 0 0 0 0 0 0 0  0  0  0  0  0  0  0  0  0  1
  appear           0 0 0 0 1 0 0 0 0  0  0  0  0  0  0  0  0  0  0
  appointed        0 0 0 0 0 0 0 0 0  0  0  0  0  0  0  0  2  0  0
  apprehensive     0 0 0 0 0 0 0 0 0  0  0  0  0  0  1  0  0  0  0
  arms             0 0 0 0 0 0 0 0 0  0  1  0  0  0  0  0  0  0  0
  army             1 0 0 0 0 0 0 0 0  0  0  0  0  0  2  0  1  0  2
  arrived          1 0 0 0 0 0 0 0 0  0  0  0  0  0  0  0  0  0  0
  ask              0 0 0 0 0 0 0 0 0  0  0  0  0  0  0  0  1  0  0
  asked            0 0 0 0 0 0 0 0 0  0  0  0  0  0  0  0  3  0  0
  assured          0 0 0 0 0 0 0 0 0  0  0  0  0  0  0  0  0  0  1
  attended         0 0 0 0 0 0 0 0 0  0  0  0  0  0  1  0  0  0  0
  authority        0 0 0 0 0 0 0 0 1  0  0  0  0  0  0  0  0  0  0
  availed          0 0 0 0 0 0 0 0 0  0  0  0  0  0  1  0  0  0  1
  became           0 0 0 0 0 0 0 0 0  0  0  0  1  0  0  0  0  0  0
  bed              0 0 0 0 0 0 0 0 0  0  1  0  0  0  0  0  0  0  0
  began            0 0 0 0 0 0 1 0 0  0  0  0  0  0  0  0  0  0  0
  beginning        0 0 0 0 0 0 0 0 1  0  0  0  0  0  0  0  0  0  0
  believe          0 0 0 0 0 0 0 0 0  0  0  0  0  0  1  0  0  0  0
  believed         0 0 0 0 0 0 0 0 1  0  0  0  0  0  1  0  0  0  0
  best             0 0 0 0 0 0 1 0 2  0  0  0  0  0  0  0  0  0  0
  bolder           0 0 0 0 0 0 0 0 0  0  0  0  1  0  0  0  0  0  0
  bradford         0 0 0 0 0 0 0 0 0  0  0  0  0  0  0  0  1  0  0
  briefly          0 0 0 0 0 0 0 0 0  0  0  0  0  0  0  0  1  0  0
  bring            0 0 0 0 0 0 0 0 0  0  0  0  0  0  0  0  1  0  1
  brought          0 0 0 0 0 0 0 0 0  0  0  0  1  0  0  0  0  0  0
  business         0 0 1 0 0 0 0 0 0  0  0  0  0  0  0  0  0  0  0
  came             0 0 0 0 0 0 0 0 0  0  0  0  0  0  0  0  0  0  1
  camp             1 0 0 0 0 0 0 0 0  0  0  0  0  0  0  0  0  0  0
  candour          0 0 0 0 1 0 0 0 0  0  0  0  0  0  0  0  0  0  0
  care             0 0 0 0 0 0 0 0 0  0  0  0  0  0  0  0  0  0  1
  cared            0 0 0 0 0 0 0 0 0  0  0  0  0  0  1  0  0  0  0
  case             0 0 0 0 0 0 0 0 0  0  0  0  0  0  0  0  0  0  1
  cautious         0 0 0 0 0 0 0 0 0  0  0  0  0  0  0  0  0  0  1
  characters       0 0 0 0 0 0 0 0 0  0  0  0  0  0  0  0  1  0  0
  civil            0 0 0 0 0 0 0 0 1  0  0  0  0  0  0  0  0  0  1
  coercion         0 0 0 0 0 0 0 0 0  0  0  0  0  0  1  0  1  0  0
  collection       0 0 0 0 0 0 0 0 1  0  0  0  0  0  0  0  0  0  0
  colo             0 0 1 0 0 0 0 0 0  0  0  0  0  0  0  0  0  0  0
  commenced        0 0 0 0 0 0 0 0 0  0  0  0  1  0  0  0  0  0  0
  commissioners    0 0 0 0 0 0 0 0 0  0  0  0  0  0  0  0  1  0  0
  committee        2 0 0 0 0 0 0 0 0  0  0  0  0  0  0  0  0  0  0
  communicate      0 0 0 0 0 0 0 0 0  0  0  0  1  0  0  0  0  0  0
  communications   0 0 0 0 0 0 0 0 1  0  0  0  0  0  0  0  0  0  0
  communicative    0 0 0 0 0 0 0 0 0  0  0  0  1  0  0  0  0  0  0
  conception       0 0 0 0 0 0 0 0 1  0  0  0  0  0  0  0  0  0  0
  conduct          0 0 0 0 0 0 0 0 0  0  0  0  0  0  0  0  1  0  1
  confined         0 0 0 0 0 0 1 0 0  0  0  0  0  0  0  0  0  0  0
  consequence      0 0 0 0 0 0 0 0 0  0  0  0  0  0  1  0  0  0  0
  consequences     0 0 0 0 0 0 0 0 0  0  0  0  0  0  1  0  1  0  1
  considered       0 0 0 0 0 0 0 0 0  0  0  0  0  0  0  0  1  0  0
  conversations    0 0 0 0 0 0 0 0 0  0  0  0  0  0  0  0  1  0  0
  convince         0 0 0 0 0 0 0 0 0  0  0  0  0  0  0  0  1  0  0
  counties         1 0 0 0 1 0 2 0 0  0  0  0  0  0  1  0  3  0  0
  country          0 0 0 0 0 0 0 0 0  0  0  0  0  0  2  0  0  0  1
  damage           0 0 0 0 0 0 0 0 0  0  0  0  0  0  0  0  0  0  1
  dandridge        0 0 1 0 0 0 0 0 0  0  0  0  0  0  0  0  0  0  0
  david            1 0 0 0 0 0 0 0 0  0  0  0  0  0  0  0  1  0  0
  day              0 0 0 0 0 0 0 0 0  0  0  0  0  0  0  0  1  0  0
  declaring        0 0 0 0 0 0 0 0 0  0  0  0  0  0  1  0  0  0  0
  defence          0 0 0 0 0 0 0 0 0  0  1  0  0  0  0  0  0  0  0
  depend           0 0 0 0 0 0 0 0 0  0  0  0  0  0  0  0  0  0  1
  deprecate        0 0 0 0 0 0 0 0 0  0  0  0  0  0  1  0  0  0  0
  deputies         0 0 0 0 1 0 0 0 0  0  0  0  0  0  0  0  0  0  1
  dereliction      0 0 0 0 0 0 0 0 0  0  0  0  0  0  1  0  0  0  0
  dernier          0 0 0 0 0 0 0 0 0  0  0  0  0  0  0  0  1  0  0
  designated       1 0 0 0 0 0 0 0 0  0  0  0  0  0  0  0  0  0  0
  detroit          0 0 0 0 0 0 0 0 0  0  0  0  0  0  1  0  0  0  0
  disagreeable     0 0 0 0 0 0 0 0 0  0  0  0  0  0  1  0  0  0  0
  disbelieved      0 0 0 0 0 0 0 0 0  0  0  0  0  0  1  0  0  0  0
  disclosure       0 0 0 0 0 0 0 0 0  0  0  0  0  0  0  0  1  0  0
  disposed         0 0 0 0 0 0 0 0 1  0  0  0  0  0  0  0  0  0  0
  disposing        0 0 0 0 0 0 0 0 0  0  0  0  0  0  1  0  0  0  0
  disposition      0 0 0 0 1 0 0 0 0  0  0  0  1  0  0  0  0  0  1
  distilled        0 0 0 0 0 0 0 0 1  0  0  0  0  0  0  0  0  0  0
  distillers       0 0 0 0 0 0 0 0 1  0  0  0  0  0  0  0  0  0  0
  distressingin    0 0 0 0 0 0 0 0 0  0  0  0  0  0  0  0  1  0  0
  distrust         0 0 0 0 0 0 0 0 0  0  0  0  1  0  0  0  0  0  0
  due              0 0 0 0 0 0 0 0 0  0  0  0  0  0  0  0  1  0  0
  duty             0 0 0 0 0 0 0 0 0  0  0  0  0  0  0  0  1  0  0
  earnest          0 0 0 0 0 0 0 0 0  0  0  0  0  0  0  0  1  0  0
  either           0 0 0 0 0 0 0 0 1  0  0  0  0  0  0  0  0  0  0
  empowered        0 0 0 0 1 0 0 0 0  0  0  0  0  0  0  0  0  0  0
  endd             0 0 0 0 0 0 0 0 0  0  0  0  0  0  0  0  0  0  1
  enforce          0 0 0 0 0 0 0 0 0  0  0  0  0  0  0  0  1  0  0
  enforcing        0 0 0 0 0 0 0 0 0  0  0  0  1  0  0  0  0  0  0
  enter            0 0 0 0 0 0 0 0 1  0  0  0  0  0  0  0  0  0  0
  entirely         0 0 0 0 0 0 0 0 0  0  0  0  0  0  0  0  1  0  0
  enumerate        0 0 0 0 0 0 0 0 0  0  0  0  0  0  0  0  1  0  0
  enumerated       0 0 0 0 0 0 0 0 1  0  0  0  0  0  0  0  0  0  0
  even             0 0 0 0 0 0 0 0 0  0  0  0  1  0  0  0  0  0  0
  every            0 0 0 0 0 0 0 0 0  0  1  0  0  0  2  0  1  0  1
  evidence         0 0 0 0 0 0 0 0 0  0  0  0  0  0  0  0  0  0  1
  example          0 0 0 0 0 0 0 0 0  0  0  0  0  0  0  0  1  0  0
  exceeded         0 0 0 0 0 0 0 0 1  0  0  0  0  0  0  0  0  0  0
  except           0 0 0 0 0 0 0 0 0  0  1  0  0  0  1  0  2  0  0
  excise           0 0 0 0 0 0 0 0 1  0  0  0  0  0  1  0  0  0  0
  excused          0 0 1 0 0 0 0 0 0  0  0  0  0  0  0  0  0  0  0
  executioners     0 0 0 0 0 0 0 0 0  0  0  0  0  0  0  0  0  0  1
  existing         0 0 0 0 1 0 0 0 0  0  0  0  0  0  0  0  0  0  0
  expense          0 0 0 0 0 0 0 0 0  0  0  0  0  0  0  0  1  0  0
  expensivewas     0 0 0 0 0 0 0 0 0  0  0  0  0  0  0  0  1  0  0
  expressed        0 0 0 0 0 0 0 0 0  0  1  0  0  0  0  0  0  0  0
  fabricated       0 0 0 0 0 0 0 0 0  0  0  0  0  0  1  0  0  0  0
  far              0 0 0 0 0 0 0 0 1  0  0  0  0  0  0  0  0  0  0
  fatal            0 0 0 0 0 0 0 0 0  0  0  0  0  0  0  0  1  0  0
  fayette          1 0 0 0 0 0 0 0 0  0  0  0  0  0  0  0  0  0  0
  feel             0 0 0 0 0 0 0 0 0  0  0  0  0  0  0  0  1  0  0
  fell             0 0 0 0 0 0 1 0 0  0  0  0  0  0  0  0  0  0  0
  ferry            1 0 0 0 0 0 0 0 0  0  0  0  0  0  0  0  0  0  0
  findley          1 0 0 0 0 0 1 0 0  0  0  0  0  0  1  0  0  0  0
  findleys         0 0 0 0 0 0 0 0 1  0  0  0  0  0  0  0  0  0  0
  fired            0 0 0 0 0 0 0 0 0  0  0  0  0  0  0  0  0  0  1
  first            0 0 0 0 0 0 0 0 0  0  0  0  0  0  0  0  1  0  0
  five             0 0 0 0 0 0 0 0 0  0  0  0  0  0  0  0  1  0  0
  follow           0 0 0 0 0 0 0 0 0  0  0  0  0  0  0  0  1  0  0
  followsvizthat   0 0 0 0 0 0 0 0 1  0  0  0  0  0  0  0  0  0  0
  folly            0 0 0 0 0 0 0 0 1  0  0  0  0  0  0  0  0  0  0
  forasmuch        0 0 0 0 0 0 0 0 0  0  0  0  0  0  0  0  1  0  0
  forenoon         0 0 0 0 0 0 0 0 0  0  0  0  0  0  0  0  1  0  0
  former           0 0 0 0 0 0 0 0 0  0  0  0  0  0  0  0  1  0  0
  found            0 0 0 0 0 0 0 0 0  0  0  0  1  0  0  0  0  0  0
  four             1 0 0 0 1 0 1 0 0  0  0  0  0  0  0  0  0  0  0
  free             0 0 0 0 0 0 0 0 0  0  0  0  0  0  0  0  1  0  0
  frenzy           0 0 0 0 0 0 0 0 0  0  1  0  0  0  0  0  0  0  0
  fresh            0 0 0 0 0 0 0 0 0  0  0  0  0  0  0  0  0  0  1
  friends          0 0 0 0 0 0 0 0 0  0  0  0  1  0  0  0  0  0  0
  garrison         0 0 0 0 0 0 0 0 1  0  0  0  0  0  0  0  0  0  0
  gave             0 0 0 0 0 0 0 0 0  0  0  0  1  0  0  0  0  0  0
  general          0 0 0 0 0 0 0 0 1  0  0  0  1  0  0  0  0  0  0
  give             1 0 0 0 1 0 0 0 0  0  0  0  0  0  1  0  0  0  0
  given            0 0 0 0 0 0 0 0 0  0  0  0  0  0  0  0  0  0  1
  got              0 0 0 0 0 0 0 0 0  0  0  0  0  0  2  0  0  0  0
  government       0 0 0 0 0 0 0 0 2  0  1  0  0  0  0  0  2  0  0
  governmental     0 0 0 0 0 0 0 0 0  0  0  0  0  0  1  0  0  0  0
  governmt         0 0 0 0 0 0 0 0 0  0  0  0  0  0  0  0  1  0  0
  govr             0 0 2 0 0 0 0 0 0  0  0  0  0  0  0  0  0  0  0
  greatest         0 0 0 0 0 0 0 0 0  0  0  0  0  0  0  0  1  0  0
  growing          0 0 0 0 0 0 0 0 0  0  0  0  1  0  0  0  0  0  0
  gun              0 0 0 0 0 0 0 0 0  0  0  0  0  0  0  0  0  0  1
  hamilton         0 0 1 0 0 0 0 0 0  0  0  0  0  0  0  0  0  0  0
  hear             0 0 0 0 1 0 0 0 0  0  0  0  0  0  0  0  0  0  0
  hearing          0 0 0 0 0 0 0 0 0  0  0  0  0  0  0  0  1  0  0
  height           0 0 0 0 0 0 0 0 0  0  1  0  0  0  0  0  0  0  0
  hold             0 0 0 0 0 0 0 0 1  0  0  0  0  0  0  0  0  0  0
  howell           0 0 1 0 0 0 0 0 0  0  0  0  0  0  0  0  0  0  0
  however          0 0 0 0 0 0 0 0 1  0  0  0  0  0  1  0  0  0  0
  ignorance        0 0 0 0 0 0 0 0 1  0  0  0  0  0  0  0  0  0  0
  impunity         0 0 0 0 0 0 0 0 0  0  0  0  0  0  0  0  1  0  0
  inconvenient     0 0 0 0 0 0 0 0 0  0  0  0  0  0  0  0  1  0  0
  incurred         0 0 0 0 0 0 0 0 0  0  0  0  0  0  0  0  1  0  0
  indispensible    0 0 0 0 0 0 0 0 0  0  0  0  0  0  0  0  1  0  0
  induced          0 0 0 0 0 0 0 0 0  0  0  0  0  0  0  0  1  0  0
  influence        0 0 0 0 0 0 0 0 1  0  0  0  0  0  0  0  0  0  0
  information      1 0 0 0 1 0 1 0 1  0  1  0  0  0  0  0  0  0  0
  injured          0 0 0 0 0 0 0 0 0  0  0  0  0  0  0  0  0  0  1
  inspection       0 0 0 0 0 0 0 0 1  0  0  0  0  0  0  0  0  0  0
  instances        0 0 0 0 0 0 0 0 1  0  0  0  1  0  0  0  0  0  0
  insult           0 0 0 0 0 0 0 0 0  0  0  0  0  0  0  0  0  0  1
  insulted         0 0 0 0 0 0 0 0 0  0  0  0  0  0  0  0  1  0  0
  intention        0 0 0 0 0 0 0 0 0  0  0  0  0  0  1  0  0  0  0
  interview        0 0 0 0 0 0 0 0 0  0  0  0  0  0  0  0  1  0  0
  invited          0 0 1 0 0 0 0 0 0  0  0  0  0  0  0  0  0  0  0
  jersey           0 0 1 0 0 0 0 0 0  0  0  0  0  0  0  0  0  0  0
  justice          0 0 0 0 0 0 0 0 0  0  0  0  0  0  0  0  1  0  0
  keep             0 0 0 0 0 0 0 0 0  0  0  0  0  0  0  0  1  0  1
  knew             0 0 0 0 0 0 0 0 0  0  0  0  0  0  0  0  2  0  0
  know             0 0 0 0 0 0 0 0 0  0  0  0  0  0  0  0  0  0  1
  knowing          0 0 0 0 0 0 0 0 0  0  1  0  0  0  0  0  0  0  0
  knowledge        0 0 0 0 0 0 1 0 0  0  0  0  0  0  0  0  0  0  0
  last             0 0 0 0 0 0 0 0 0  0  1  0  0  0  0  0  0  0  0
  lately           0 0 0 0 0 0 0 0 0  0  0  0  1  0  1  0  0  0  0
  law              0 0 0 0 0 0 0 0 2  0  0  0  0  0  0  0  0  0  0
  lawor            0 0 0 0 0 0 0 0 0  0  0  0  0  0  1  0  0  0  0
  laws             0 0 0 0 0 0 0 0 1  0  0  0  0  0  1  0  2  0  1
  lawsand          0 0 0 0 0 0 0 0 0  0  0  0  1  0  0  0  0  0  0
  lawsnot          0 0 0 0 0 0 0 0 0  0  0  0  0  0  0  0  1  0  0
  least            0 0 0 0 0 0 0 0 1  0  0  0  0  0  2  0  0  0  0
  leave            0 0 0 0 0 0 0 0 0  0  0  0  0  0  1  0  0  0  0
  led              0 0 0 0 0 0 0 0 1  0  0  0  0  0  0  0  0  0  0
  lenient          0 0 0 0 0 0 0 0 0  0  0  0  0  0  0  0  1  0  0
  less             0 0 0 0 0 0 0 0 0  0  0  0  0  0  0  0  1  0  0
  life             0 0 0 0 0 0 0 0 1  0  0  0  0  0  0  0  0  0  0
  listen           0 0 0 0 1 0 0 0 0  0  0  0  0  0  0  0  0  0  0
  little           0 0 0 0 0 0 0 0 1  0  0  0  0  0  2  0  2  0  0
  long             0 0 0 0 0 0 0 0 0  0  0  0  1  0  0  0  0  0  0
  lye              0 0 0 0 0 0 0 0 0  0  0  0  0  0  0  0  0  0  1
  made             0 0 0 0 0 0 0 0 0  0  0  0  0  0  0  0  2  0  0
  magistrates      0 0 0 0 0 0 0 0 0  0  0  0  1  0  0  0  0  0  1
  magnitude        0 0 0 0 0 0 0 0 0  0  0  0  0  0  0  0  1  0  0
  make             0 0 0 0 0 0 0 0 0  0  0  0  0  0  0  0  1  0  0
  many             0 0 0 0 0 0 0 0 0  0  0  0  0  0  1  0  0  0  0
  march            1 0 0 0 0 0 0 0 0  0  0  0  0  0  2  0  1  0  1
  marching         0 0 0 0 0 0 0 0 0  0  0  0  0  0  1  0  0  0  0
  matter           0 0 0 0 0 0 0 0 0  0  0  0  0  0  0  0  0  0  1
  matters          0 0 0 0 1 0 0 0 0  0  0  0  0  0  0  0  0  0  0
  mean             0 0 0 0 0 0 0 0 0  0  0  0  0  0  0  0  0  0  1
  meaningand       0 0 0 0 0 0 0 0 0  0  0  0  0  0  0  0  1  0  0
  means            0 0 0 0 0 0 0 0 0  0  0  0  0  0  0  0  1  0  0
  measure          0 0 0 0 0 0 0 0 0  0  0  0  0  0  0  0  1  0  0
  meeting          0 0 1 0 0 0 0 0 0  0  0  0  0  0  0  0  1  0  1
  meetingwhich     0 0 0 0 0 0 0 0 0  0  0  0  0  0  0  0  1  0  0
  men              0 0 0 0 0 0 0 0 0  0  0  0  0  0  2  0  0  0  0
  mentioned        0 0 0 0 1 0 0 0 0  0  0  0  0  0  0  0  1  0  0
  merely           0 0 0 0 0 0 0 0 1  0  0  0  0  0  0  0  0  0  1
  met              1 0 0 0 0 0 0 0 0  0  0  0  0  0  0  0  0  0  0
  mifflin          0 0 1 0 0 0 0 0 0  0  0  0  0  0  0  0  0  0  0
  might            0 0 0 0 0 0 0 0 1  0  1  0  0  0  3  0  2  0  1
  mild             0 0 0 0 0 0 0 0 0  0  0  0  0  0  0  0  1  0  0
  military         0 0 0 0 0 0 0 0 0  0  0  0  0  0  0  0  0  0  1
  minds            0 0 0 0 0 0 0 0 1  0  0  0  0  0  0  0  0  0  0
  month            1 0 0 0 0 0 0 0 0  0  0  0  0  0  0  0  0  0  0
  morning          0 0 0 0 0 0 0 0 0  0  1  0  0  0  0  0  0  0  0
  must             0 0 0 0 0 0 0 0 0  0  0  0  0  0  0  0  1  0  0
  new              0 0 1 0 0 0 0 0 0  0  0  0  0  0  0  0  0  0  0
  next             0 0 0 0 0 0 0 0 0  0  0  0  0  0  0  0  1  0  0
  night            0 0 0 0 0 0 0 0 0  0  1  0  0  0  0  0  0  0  0
  noon             0 0 0 0 0 0 0 0 0  0  0  0  0  0  0  0  1  0  0
  nothing          0 0 0 0 0 0 0 0 0  0  0  0  0  0  0  0  1  0  0
  now              0 0 0 0 0 0 0 0 0  0  0  0  0  0  1  0  0  0  0
  obedience        0 0 0 0 0 0 0 0 0  0  0  0  0  0  0  0  1  0  0
  object           0 0 0 0 0 0 0 0 0  0  0  0  0  0  1  0  1  0  0
  objection        0 0 0 0 0 0 0 0 0  0  0  0  0  0  0  0  0  0  1
  obliged          0 0 0 0 0 0 0 0 0  0  1  0  0  0  0  0  0  0  0
  obnoxious        0 0 0 0 0 0 0 0 0  0  0  0  0  0  1  0  0  0  0
  occasion         0 0 0 0 0 0 0 0 0  0  1  0  0  0  0  0  0  0  0
  oclock           0 0 1 0 0 0 0 0 0  0  0  0  0  0  0  0  2  0  0
  offences         0 0 0 0 0 0 0 0 0  0  0  0  0  0  0  0  0  0  1
  offenders        0 0 0 0 0 0 0 0 0  0  0  0  0  0  0  0  0  0  1
  offering         0 0 0 0 0 0 0 0 0  0  0  0  0  0  0  0  0  0  1
  office           0 0 0 0 0 0 0 0 1  0  0  0  0  0  0  0  0  0  0
  officers         0 0 0 0 0 0 0 0 1  0  0  0  0  0  0  0  0  0  0
  offices          0 0 0 0 0 0 0 0 1  0  0  0  0  0  0  0  0  0  0
  one              0 0 0 0 1 0 0 0 0  0  0  0  1  0  1  0  2  0  0
  oppose           0 0 0 0 0 0 0 0 0  0  0  0  0  0  1  0  0  0  0
  opposed          0 0 0 0 0 0 0 0 0  0  0  0  0  0  0  0  0  0  1
  opposition       0 0 0 0 0 0 0 0 1  0  1  0  0  0  2  0  2  0  0
  order            1 0 0 0 0 0 0 0 0  0  0  0  0  0  1  0  1  0  0
  pace             0 0 0 0 0 0 0 0 0  0  0  0  0  0  0  0  1  0  0
  painful          0 0 0 0 0 0 0 0 0  0  0  0  0  0  0  0  1  0  0
  parkinson        1 0 0 0 0 0 0 0 0  0  0  0  0  0  0  0  0  0  0
  part             0 0 0 0 0 0 0 0 0  0  0  0  0  0  1  0  1  0  0
  parts            0 0 0 0 0 0 2 0 1  0  0  0  0  0  0  0  0  0  0
  passed           0 0 0 0 0 0 0 0 0  0  0  0  0  0  0  0  1  0  0
  patiently        0 0 0 0 1 0 0 0 0  0  0  0  0  0  0  0  0  0  0
  pennsylvania     1 0 0 0 0 0 0 0 0  0  0  0  0  0  0  0  0  0  0
  people           0 0 0 0 0 0 0 0 2  0  0  0  0  0  3  0  2  0  1
  peoples          0 0 0 0 0 0 0 0 1  0  0  0  0  0  0  0  0  0  0
  permitted        0 0 0 0 0 0 0 0 0  0  0  0  0  0  0  0  0  0  1
  persevered       0 0 0 0 0 0 0 0 0  0  0  0  0  0  0  0  1  0  0
  person           0 0 0 0 0 0 0 0 0  0  0  0  0  0  1  0  1  0  0
  persons          0 0 1 0 0 0 0 0 0  0  1  0  0  0  0  0  0  0  1
  pitsburgh        0 0 0 0 0 0 0 0 1  0  0  0  0  0  0  0  0  0  0
  place            0 0 0 0 0 0 0 0 0  0  0  0  0  0  0  0  1  0  0
  point            0 0 0 0 0 0 0 0 0  0  0  0  0  0  0  0  1  0  1
  possible         0 0 0 0 0 0 0 0 0  0  0  0  0  0  0  0  0  0  1
  prefer           0 0 0 0 0 0 0 0 1  0  0  0  0  0  0  0  0  0  0
  preparation      0 0 0 0 0 0 0 0 0  0  0  0  0  0  0  0  1  0  0
  presence         0 0 1 0 0 0 0 0 0  0  0  0  0  0  0  0  0  0  0
  present          0 0 1 0 0 0 0 0 1  0  0  0  0  0  0  0  0  0  0
  prevent          1 0 0 0 0 0 0 0 0  0  0  0  0  0  0  0  0  0  0
  principal        0 0 0 0 0 0 0 0 0  0  0  0  0  0  0  0  1  0  0
  proceedings      0 0 0 0 0 0 0 0 0  0  0  0  0  0  0  0  1  0  0
  productive       0 0 0 0 0 0 0 0 0  0  0  0  0  0  1  0  0  0  0
  proffered        0 0 0 0 0 0 0 0 0  0  0  0  0  0  1  0  0  0  0
  proofs           0 0 0 0 0 0 0 0 0  0  0  0  0  0  1  0  2  0  0
  properties       0 0 0 0 0 0 0 0 0  0  1  0  0  0  0  0  0  0  0
  property         0 0 0 0 0 0 0 0 0  0  0  0  0  0  2  0  0  0  1
  propositions     0 0 0 0 0 0 0 0 0  0  0  0  0  0  0  0  1  0  0
  propositionsi    0 0 0 0 0 0 0 0 0  0  0  0  0  0  0  0  1  0  0
  protectionor     0 0 0 0 0 0 0 0 1  0  0  0  0  0  0  0  0  0  0
  provided         0 0 0 0 0 0 0 0 0  0  0  0  0  0  0  0  0  0  1
  public           0 0 0 0 0 0 0 0 1  0  0  0  0  0  0  0  0  0  0
  purpose          0 0 0 0 0 0 0 0 0  0  0  0  0  0  1  0  1  0  0
  put              0 0 0 0 0 0 0 0 1  0  0  0  0  0  0  0  0  0  0
  quitting         0 0 0 0 0 0 0 0 1  0  0  0  0  0  0  0  0  0  0
  rate             0 0 0 0 0 0 0 0 0  0  0  0  0  0  1  0  0  0  0
  rather           0 0 0 0 0 0 0 0 1  0  0  0  0  0  0  0  0  0  0
  ready            0 0 0 0 1 0 0 0 0  0  0  0  0  0  0  0  0  0  0
  recital          0 0 0 0 0 0 1 0 0  0  0  0  0  0  0  0  0  0  0
  recitalson       0 0 0 0 0 0 0 0 0  0  1  0  0  0  0  0  0  0  0
  recollect        0 0 0 0 0 0 0 0 0  0  1  0  0  0  0  0  0  0  0
  recover          0 0 0 0 0 0 0 0 1  0  0  0  0  0  0  0  0  0  0
  reddick          0 0 0 0 0 0 1 0 0  0  0  0  0  0  0  0  0  0  0
  redick           0 0 0 0 0 0 0 0 0  0  0  0  0  0  0  0  1  0  0
  redickdeputed    1 0 0 0 0 0 0 0 0  0  0  0  0  0  0  0  0  0  0
  redicks          0 0 0 0 0 0 0 0 0  0  1  0  0  0  0  0  0  0  0
  reestablishment  0 0 0 0 0 0 0 0 1  0  0  0  0  0  0  0  0  0  0
  referring        0 0 0 0 0 0 1 0 0  0  0  0  0  0  0  0  0  0  0
  reflection       0 0 0 0 0 0 0 0 0  0  0  0  0  0  0  0  1  0  0
  related          0 0 0 0 0 0 0 0 0  0  0  0  0  0  0  0  1  0  0
  repetition       0 0 0 0 0 0 0 0 0  0  0  0  0  0  0  0  1  0  0
  replied          0 0 0 0 0 0 0 0 0  0  0  0  0  0  0  0  0  0  1
  representing     0 0 0 0 0 0 0 0 0  0  0  0  0  0  0  0  1  0  0
  requested        0 0 0 0 0 0 0 0 0  0  0  0  0  0  0  0  1  0  1
  required         0 0 0 0 0 0 0 0 0  0  0  0  0  0  0  0  2  0  1
  resentments      0 0 0 0 0 0 0 0 0  0  0  0  0  0  1  0  0  0  0
  resided          0 0 0 0 0 0 0 0 0  0  0  0  0  0  1  0  0  0  0
  resolutions      1 0 0 0 1 0 0 0 0  0  0  0  0  0  0  0  0  0  0
  resort           0 0 0 0 0 0 0 0 0  0  0  0  0  0  0  0  1  0  0
  resorted         0 0 0 0 0 0 0 0 0  0  0  0  0  0  0  0  1  0  0
  responsible      0 0 0 0 0 0 0 0 1  0  0  0  0  0  0  0  0  0  0
  rest             0 0 0 0 0 0 0 0 0  0  0  0  0  0  0  0  0  0  1
  retard           0 0 0 0 0 0 0 0 0  0  0  0  0  0  0  0  1  0  0
  riots            0 0 0 0 0 0 0 0 0  0  0  0  1  0  0  0  0  0  0
  rounds           0 0 0 0 0 0 0 0 0  0  0  0  0  0  1  0  0  0  0
  safety           1 0 0 0 0 0 0 0 0  0  0  0  0  0  0  0  0  0  0
  said             1 0 0 0 0 0 0 0 0  0  0  0  0  0  1  0  1  0  0
  saw              0 0 0 0 0 0 0 0 0  0  0  0  0  0  0  0  0  0  1
  say              0 0 0 0 1 0 0 0 0  0  0  0  0  0  0  0  1  0  0
  scene            0 0 0 0 0 0 0 0 1  0  0  0  0  0  0  0  0  0  0
  season           0 0 0 0 0 0 0 0 0  0  0  0  0  0  0  0  1  0  0
  second           0 0 0 0 0 0 0 0 0  0  0  0  0  0  0  0  1  0  0
  secretary        0 0 1 0 0 0 0 0 0  0  0  0  0  0  0  0  0  0  0
  see              1 0 0 0 0 0 0 0 0  0  0  0  0  0  0  0  0  0  0
  seeing           0 0 0 0 0 0 0 0 0  0  0  0  0  0  0  0  1  0  0
  seemed           0 0 0 0 0 0 0 0 0  0  0  0  0  0  1  0  0  0  0
  seen             0 0 0 0 0 0 0 0 1  0  0  0  0  0  0  0  0  0  0
  sense            0 0 0 0 0 0 0 0 0  0  0  0  0  0  0  0  1  0  0
  sent             0 0 0 0 0 0 0 0 0  0  0  0  0  0  0  0  1  0  0
  sentiment        0 0 0 0 0 0 0 0 0  0  1  0  0  0  0  0  0  0  0
  sentiments       0 0 0 0 0 0 0 0 0  0  0  0  1  0  0  0  0  0  0
  short            0 0 0 0 0 0 0 0 0  0  0  0  0  0  1  0  1  0  0
  sides            0 0 0 0 0 0 0 0 0  0  1  0  0  0  0  0  0  0  0
  similar          0 0 0 0 0 0 0 0 0  0  1  0  0  0  1  0  0  0  0
  sincerity        0 0 0 0 0 0 0 0 0  0  0  0  0  0  0  0  0  0  1
  situation        0 0 0 0 0 0 0 0 1  0  1  0  0  0  0  0  0  0  0
  sleep            0 0 0 0 0 0 0 0 0  0  1  0  0  0  0  0  0  0  0
  sober            0 0 0 0 0 0 0 0 0  0  0  0  0  0  0  0  1  0  0
  sometime         0 0 0 0 0 0 0 0 1  0  0  0  0  0  0  0  0  0  0
  spirits          0 0 0 0 0 0 0 0 1  0  0  0  0  0  0  0  0  0  0
  state            1 0 0 0 1 0 0 0 0  0  0  0  0  0  0  0  0  0  0
  states           0 0 0 0 0 0 0 0 0  0  0  0  0  0  1  0  0  0  0
  still            0 0 0 0 0 0 0 0 0  0  0  0  0  0  1  0  0  0  0
  stills           0 0 0 0 0 0 0 0 1  0  0  0  0  0  0  0  0  0  0
  stillsintimating 0 0 0 0 0 0 0 0 1  0  0  0  0  0  0  0  0  0  0
  stop             0 0 0 0 0 0 0 0 0  0  0  0  0  0  1  0  0  0  0
  street           0 0 0 0 0 0 0 0 0  0  0  0  0  0  0  0  1  0  0
  strength         0 0 0 0 0 0 0 0 0  0  0  0  1  0  0  0  0  0  0
  submission       0 0 0 0 0 0 0 0 0  0  0  0  0  0  1  0  1  0  0
  submit           0 0 0 0 0 0 0 0 1  0  0  0  0  0  0  0  0  0  0
  submitted        0 0 0 0 0 0 0 0 0  0  0  0  0  0  0  0  1  0  0
  subordinate      0 0 0 0 0 0 0 0 0  0  0  0  0  0  0  0  0  0  1
  substance        0 0 0 0 0 0 0 0 1  0  0  0  0  0  0  0  0  0  0
  suffering        0 0 0 0 0 0 0 0 0  0  0  0  0  0  0  0  1  0  0
  support          0 0 0 0 0 0 0 0 0  0  0  0  1  0  0  0  1  0  0
  supposed         0 0 0 0 0 0 0 0 0  0  0  0  0  0  1  0  0  0  0
  taken            0 0 0 0 0 0 0 0 0  0  0  0  0  0  0  0  0  0  1
  tales            0 0 0 0 0 0 0 0 0  0  0  0  0  0  1  0  0  0  0
  taxes            0 0 0 0 0 0 0 0 1  0  0  0  0  0  0  0  0  0  0
  themthat         0 0 0 0 0 0 0 0 0  0  0  0  0  0  0  0  1  0  0
  thing            0 0 0 0 0 0 0 0 1  0  0  0  0  0  0  0  0  0  0
  things           1 0 0 0 0 0 0 0 0  0  0  0  0  0  0  0  0  0  0
  think            0 0 0 0 0 0 0 0 0  0  0  0  0  0  2  0  1  0  0
  thought          0 0 0 0 0 0 0 0 2  0  0  0  0  0  0  0  0  0  0
  three            0 0 0 0 0 0 0 0 0  0  1  0  0  0  1  0  0  0  0
  thus             0 0 0 0 0 0 0 0 0  0  0  0  0  0  0  0  0  0  1
  time             0 0 0 0 0 0 0 0 0  0  0  0  1  0  0  0  3  0  0
  told             0 0 0 0 1 0 0 0 0  0  0  0  0  0  0  0  1  0  0
  tone             0 0 0 0 0 0 0 0 1  0  0  0  0  0  0  0  0  0  0
  took             0 0 0 0 0 0 0 0 0  0  0  0  0  0  0  0  1  0  0
  tranquilized     0 0 0 0 0 0 0 0 1  0  0  0  0  0  0  0  0  0  0
  transactions     0 0 0 0 0 0 0 0 0  0  0  0  0  0  0  0  1  0  0
  treasury         0 0 1 0 0 0 0 0 0  0  0  0  0  0  0  0  0  0  0
  treatment        0 0 0 0 0 0 0 0 0  0  0  0  0  0  1  0  0  0  1
  tribunal         0 0 0 0 0 0 0 0 0  0  0  0  0  0  0  0  0  0  1
  troops           0 0 0 0 0 0 0 0 0  0  0  0  0  0  2  0  0  0  1
  unarmed          0 0 0 0 0 0 0 0 0  0  0  0  0  0  0  0  0  0  1
  understood       0 0 0 0 0 0 0 0 0  0  0  0  0  0  0  0  1  0  0
  undertake        0 0 0 0 0 0 0 0 1  0  0  0  0  0  0  0  0  0  0
  unequivocal      0 0 0 0 0 0 0 0 0  0  0  0  0  0  1  0  1  0  0
  unless           0 0 0 0 0 0 0 0 0  0  0  0  0  0  0  0  0  0  1
  unnecessary      0 0 0 0 0 0 0 0 0  0  0  0  0  0  0  0  1  0  0
  upon             0 0 0 0 0 0 0 0 0  0  0  0  0  0  0  0  0  0  1
  use              0 0 0 0 0 0 0 0 0  0  1  0  0  0  0  0  0  0  0
  view             0 0 0 0 0 0 0 0 0  0  0  0  0  0  0  0  1  0  0
  want             0 0 0 0 0 0 0 0 1  0  0  0  0  0  0  0  0  0  0
  warned           0 0 0 0 0 0 0 0 0  0  0  0  0  0  0  0  1  0  0
  wastelling       0 0 0 0 0 0 0 0 0  0  0  0  0  0  0  0  1  0  0
  wch              0 0 0 0 0 0 0 0 0  0  1  0  0  0  0  0  0  0  0
  well             0 0 0 0 0 0 0 0 0  0  0  0  0  0  0  0  2  0  0
  westd            1 0 0 0 0 0 0 0 0  0  0  0  0  0  0  0  0  0  0
  western          1 0 0 0 0 0 0 0 0  0  0  0  0  0  1  0  2  0  0
  whatever         0 0 0 0 0 0 0 0 0  0  0  0  0  0  0  0  0  0  1
  whilst           0 0 0 0 0 0 0 0 0  0  1  0  0  0  0  0  0  0  0
  whispers         0 0 0 0 0 0 0 0 0  0  0  0  1  0  0  0  0  0  0
  william          1 0 0 0 0 0 0 0 0  0  0  0  0  0  0  0  0  0  0
  wish             0 0 0 0 0 0 0 0 0  0  0  0  0  0  1  0  1  0  0
  within           0 0 0 0 0 0 1 0 0  0  0  0  0  0  0  0  0  0  0
  witness          0 0 0 0 0 0 0 0 0  0  0  0  0  0  0  0  1  0  0
  witwashington    1 0 0 0 0 0 0 0 0  0  0  0  0  0  0  0  0  0  0
  woud             0 0 0 0 0 0 0 0 0  0  0  0  0  0  0  0  1  0  0
  year             0 0 0 0 0 0 0 0 0  0  0  0  0  0  0  0  1  0  0